CIRCUITO 1
7404
14-VCC
7-GND
D-1
2-1(7411.1)
E-3
4-2(7411.1)
F-5
6-13(7411.1)

2-3(7411.1)
4-4(7411.1)
F-5(7411.1)

D-9(7411.1)
4-10(7411.1)
6-11(7411.1)

D-1(7411.2)
E-2(7411.2)
F-13(7411.2)

12(7411.1)-1(7432)
6(7411.1) -2(7432)

8(7411.1) -5(7432)
12(7411.1)-4(7432) 

3(7432) - 9(7432)
6(7432) - 10(7432)
8(7432) - LED
*********************************************************************************************************************************************************************************************

CIRCUITO 2

7404
14-VCC
7-GND
D-1(7432)
E-1(7404)
2(7404) - 2(7432.1)
3(7432.1)- 4(7432.1)
F-5(7432.1)

D-9(7404)
8(7404) - 12(7432)
E-13(7432)
11(7432)-1(7432.2)
6(7404) - 2(7432.2)

8(7404)-9(7432.2)
4(7404) - 10(7432.2)
8(7432.2) -4 (7432.2)
F-5(7432.2)

6(7432) - 1(7411)
11(7432) - 2(7411)
11(7432) - 12(7411)

3(7432.2) - 3(7411)
6(7432.2) - 4(7411)
6(7432.2) - 5(7411)

13(7411) - 9(7411)
6(7411) -10(7411)
6(7411) - 11(7411)
8(7411) -LED

